/**
  ******************************************************************************
  * @file    ovm_data_table
  * @date    07-Mar-2018 18:03:36
  ******************************************************************************
*/

#define    OVM_GAIN_ARRAY_SIZE       ((uint16_t)183)
#define    OVM_ALPHA_ARRAY_SIZE      ((uint16_t)95)
#define    OVM_ALPHA_ARRAY_OFFSET    ((int16_t)88)
#define    OVM_VREF_MODE1_START  ((int16_t)14205)
#define    OVM_VREF_MODE2_START    ((int16_t)14910)
#define    OVM_VREF_MODE2_END    ((int16_t)15664)
#define    OVM_VREF_INDEX_STEP   ((int16_t)8)

/*the float number 1.0 eque to */16384*/

int16_t aOVMGain[183]={\
16364,16364,16365,16366,16368,16369,16370,16373,16374,16377,\
16380,16382,16385,16388,16391,16394,16397,16401,16405,16409,\
16413,16418,16422,16427,16433,16437,16442,16447,16454,16459,\
16466,16472,16479,16484,16492,16500,16508,16513,16522,16530,\
16538,16547,16555,16566,16575,16584,16595,16605,16616,16626,\
16638,16650,16663,16673,16688,16701,16714,16727,16743,16756,\
16773,16789,16806,16823,16843,16860,16881,16902,16923,16944,\
16969,16991,17016,17045,17074,17103,17133,17167,17204,17242,\
17284,17334,17385,17444,17512,17596,17706,17943,18032,18056,\
18081,18105,18129,18154,18178,18203,18231,18256,18284,18312,\
18340,18368,18397,18425,18457,18486,18518,18550,18579,18614,\
18647,18679,18715,18748,18784,18820,18856,18893,18933,18973,\
19013,19053,19094,19134,19178,19222,19266,19311,19359,19407,\
19455,19503,19555,19607,19660,19712,19768,19824,19884,19944,\
20004,20068,20132,20196,20264,20332,20404,20480,20552,20632,\
20712,20792,20880,20968,21056,21152,21248,21352,21456,21564,\
21676,21796,21916,22048,22182,22323,22471,22627,22792,22968,\
23156,23356,23568,23801,24057,24334,24643,24992,25398,25876,\
26480,27323,29633,\
};


int16_t aOVMHoldAngle[95]={\
46,99,152,204,255,306,357,407,463,513,\
568,622,676,730,783,835,893,944,1001,1057,\
1107,1168,1222,1276,1335,1388,1446,1503,1560,1616,\
1676,1736,1796,1854,1912,1970,2032,2093,2153,2213,\
2277,2340,2402,2464,2529,2593,2657,2720,2787,2853,\
2922,2990,3058,3129,3198,3267,3339,3410,3484,3560,\
3632,3710,3787,3862,3944,4024,4103,4188,4271,4359,\
4446,4535,4625,4719,4812,4911,5009,5113,5218,5326,\
5437,5553,5674,5799,5928,6065,6212,6365,6530,6709,\
6908,7132,7398,7744,8563,\
};


